OpenFOAM-v2206/modules/avalanche/tutorials/wolfsgrube/constant/gisdata/dem.asc
ncols        426
nrows        258
xllcorner    -5803.000000000000
yllcorner    219917.000000000000
cellsize     10
NODATA_value  -9999
[rows 72 to 89 of 258, columns 40 to 79 of 426]
1485.5889999999999418 1482.0350000000000819 1477.9670000000000982 1474.5070000000000618 1471.0009999999999764 1467.68100000000004 1464.1269999999999527 1461.8360000000000127 1458.9839999999999236 1455.8050000000000637 1450.3810000000000855 1445.2850000000000819 1442.2919999999999163 1439.8140000000000782 1437.3830000000000382 1434.8579999999999472 1432.3330000000000837 1429.7609999999999673 1427.7509999999999764 1425.1330000000000382 1420.8309999999999036 1417.8389999999999418 1414.3320000000001073 1411.3859999999999673 1408.48700000000008 1404.1859999999999218 1400.6790000000000873 1397.4529999999999745 1393.9459999999999127 1391.0940000000000509 1387.1199999999998909 1382.3499999999999091 1378.0950000000000273 1373.2329999999999472 1369.9600000000000364 1365.8920000000000528 1362.0579999999999927 1357.6159999999999854 1353.1279999999999291 1350.55600000000004
1480.5389999999999873 1476.6579999999999018 1473.66599999999994 1470.11200000000008 1466.4649999999999181 1462.9120000000000346 1460.2000000000000455 1457.7690000000000055 1455.5709999999999127 1452.2509999999999764 1447.76299999999992 1443.6479999999999109 1438.8789999999999054 1436.4939999999999145 1433.5019999999999527 1432.0519999999999072 1430.6500000000000909 1428.2650000000001 1426.2080000000000837 1423.6829999999999927 1419.8959999999999582 1417.3240000000000691 1414.5660000000000309 1411.7129999999999654 1408.7680000000000291 1405.0270000000000437 1401.2400000000000091 1396.4710000000000036 1391.2809999999999491 1388.5219999999999345 1386.3710000000000946 1380.3869999999999436 1375.4770000000000891 1371.0350000000000819 1367.0609999999999218 1363.7409999999999854 1360.0940000000000509 1355.7929999999998927 1352.7070000000001073 1350.6030000000000655
1474.2270000000000891 1470.5799999999999272 1468.1489999999998872 1464.6420000000000528 1461.0879999999999654 1456.8800000000001091 1454.2619999999999436 1453 1450.7550000000001091 1447.9960000000000946 1443.9749999999999091 1440.2819999999999254 1436.2609999999999673 1433.7819999999999254 1430.4629999999999654 1428.0309999999999491 1426.7690000000000055 1425.1330000000000382 1423.4490000000000691 1421.6730000000000018 1419.1010000000001128 1416.6230000000000473 1413.4900000000000091 1410.1700000000000728 1407.7390000000000327 1405.2139999999999418 1401.8479999999999563 1397.7799999999999727 1393.1510000000000673 1387.4939999999999145 1381.4619999999999891 1376.5060000000000855 1373.3730000000000473 1369.4459999999999127 1366.2660000000000764 1361.8240000000000691 1358.08400000000006 1354.6700000000000728 1352.4259999999999309 1350.3689999999999145
1467.2599999999999909 1464.4079999999999018 1461.6959999999999127 1459.2180000000000746 1455.7110000000000127 1452.3450000000000273 1450.2880000000000109 1448.8379999999999654 1446.5 1443.2739999999998872 1440.375 1436.54099999999994 1434.1099999999999 1431.6320000000000618 1428.2190000000000509 1426.4890000000000327 1424.1040000000000418 1421.5319999999999254 1419.6150000000000091 1417.9320000000000164 1416.1089999999999236 1414.6590000000001055 1411.5730000000000928 1409.6559999999999491 1406.8040000000000873 1404.2789999999999964 1399.5570000000000164 1395.6759999999999309 1391.3740000000000236 1386.1839999999999691 1381.3679999999999382 1376.5519999999999072 1371.5499999999999545 1367.90300000000002 1363.9749999999999091 1360.6549999999999727 1356.54099999999994 1353.1279999999999291 1351.2100000000000364 1349.5740000000000691
1464.0340000000001055 1458.9380000000001019 1456.1790000000000873 1454.2619999999999436 1451.73700000000008 1449.071999999999889 1446.3130000000001019 1443.9749999999999091 1441.0299999999999727 1438.8789999999999054 1435.2789999999999964 1431.8650000000000091 1431.5850000000000364 1429.1539999999999964 1427.4700000000000273 1424.4780000000000655 1421.8599999999999 1419.428000000000111 1416.9970000000000709 1414.3320000000001073 1411.3389999999999418 1410.2170000000000982 1409.4220000000000255 1408.7210000000000036 1405.4949999999998909 1401.9410000000000309 1396.7509999999999764 1390.5789999999999509 1386.5579999999999927 1381.9300000000000637 1378.2819999999999254 1373.8869999999999436 1369.0250000000000909 1364.1150000000000091 1361.6369999999999436 1357.7100000000000364 1354.9510000000000218 1352.7529999999999291 1350.4619999999999891 1348.5920000000000982
1463.0519999999999072 1454.8699999999998909 1452.5789999999999509 1450.33400000000006 1447.8089999999999691 1444.7239999999999327 1442.0579999999999927 1438.4580000000000837 1435.7929999999998927 1433.0340000000001055 1431.3979999999999109 1430.5099999999999909 1429.1069999999999709 1427.1900000000000546 1425.1330000000000382 1422 1419.0070000000000618 1415.5009999999999764 1412.8820000000000618 1410.2170000000000982 1406.4300000000000637 1404.1389999999998963 1403.9990000000000236 1403.4380000000001019 1402.5489999999999782 1400.0709999999999127 1396.0029999999999291 1388.9429999999999836 1381.8360000000000127 1377.34699999999998 1374.3550000000000182 1370.8019999999999072 1365.7519999999999527 1362.1520000000000437 1358.7380000000000564 1357.2419999999999618 1355.2319999999999709 1352.9400000000000546 1350.3689999999999145 1348.4519999999999982
1459.4049999999999727 1451.5499999999999545 1449.4929999999999382 1447.0609999999999218 1444.5830000000000837 1440.9359999999999218 1438.3179999999999836 1435.2319999999999709 1432.2400000000000091 1430.0419999999999163 1427.5170000000000528 1426.0679999999999836 1424.2439999999999145 1422.7950000000000728 1420.9239999999999782 1417.8389999999999418 1413.8640000000000327 1410.5440000000000964 1408.1600000000000819 1404.0450000000000728 1401.6610000000000582 1399.8369999999999891 1398.8089999999999691 1398.5750000000000455 1398.1069999999999709 1397.3130000000001019 1392.6369999999999436 1385.8099999999999454 1378.8900000000001 1373.7940000000000964 1369.6790000000000873 1366.6869999999998981 1363.5540000000000873 1360.1880000000001019 1357.0550000000000637 1354.6240000000000236 1353.2210000000000036 1351.9120000000000346 1350.5090000000000146 1347.8910000000000764
1456.9739999999999327 1451.3160000000000309 1447.6690000000000964 1445.7989999999999782 1442.8530000000000655 1440.2349999999999 1436.3540000000000418 1432.4729999999999563 1430.3230000000000928 1427.23700000000008 1424.571999999999889 1422.2799999999999727 1420.3630000000000564 1418.30600000000004 1416.7159999999998945 1413.5370000000000346 1409.5160000000000764 1406.8969999999999345 1403.5309999999999491 1399.3699999999998909 1396.6579999999999018 1395.3489999999999327 1392.4500000000000455 1393.3379999999999654 1393.4320000000000164 1393.0109999999999673 1388.6620000000000346 1382.6310000000000855 1376.9269999999999072 1370.19399999999996 1367.6690000000000964 1363.2739999999998872 1360.8889999999998963 1358.2239999999999327 1355.3250000000000455 1353.0340000000001055 1351.3040000000000873 1349.6210000000000946 1348.4049999999999727 1347.3299999999999272
1455.9919999999999618 1451.6900000000000546 1448.1839999999999691 1444.5830000000000837 1442.0579999999999927 1438.6920000000000073 1435.6059999999999945 1433.0809999999999036 1429.2000000000000455 1425.8810000000000855 1422.4670000000000982 1419.6620000000000346 1416.90300000000002 1413.7239999999999327 1411.6669999999999163 1409.4690000000000509 1406.8510000000001128 1403.6710000000000491 1400.4919999999999618 1395.3949999999999818 1393.0109999999999673 1389.9249999999999545 1387.3530000000000655 1388.1949999999999363 1388.9900000000000091 1388.6620000000000346 1385.0619999999998981 1378.8440000000000509 1374.1679999999998927 1369.2590000000000146 1363.8350000000000364 1360.5150000000001 1358.5509999999999309 1356.7280000000000655 1354.5769999999999982 1351.8179999999999836 1349.6210000000000946 1347.5170000000000528 1346.3009999999999309 1344.8050000000000637
1456.9269999999999072 1452.6720000000000255 1448.4169999999999163 1444.6300000000001091 1442.1050000000000182 1439.2529999999999291 1435.5589999999999691 1432.1929999999999836 1428.2190000000000509 1425.5070000000000618 1421.9529999999999745 1417.7919999999999163 1413.4429999999999836 1410.63799999999992 1407.8330000000000837 1405.3079999999999927 1402.7360000000001037 1400.3520000000000891 1396.0499999999999545 1392.26299999999992 1389.0370000000000346 1387.5399999999999636 1384.2670000000000528 1383.3320000000001073 1383.98700000000008 1383.98700000000008 1380.6669999999999163 1375.4300000000000637 1370.4739999999999327 1365.4710000000000036 1360.9359999999999218 1358.3179999999999836 1356.4939999999999145 1354.4829999999999472 1352.98700000000008 1351.3510000000001128 1348.4990000000000236 1346.5350000000000819 1345.0850000000000364 1343.2149999999999181
1456.7870000000000346 1452.625 1449.2119999999999891 1446.2200000000000273 1442.66599999999994 1438.7390000000000327 1434.4369999999998981 1429.9020000000000437 1426.3479999999999563 1423.4960000000000946 1420.2229999999999563 1414.9860000000001037 1411.4329999999999927 1408.7680000000000291 1405.5419999999999163 1402.9700000000000273 1400.6790000000000873 1396.8450000000000273 1391.9349999999999454 1388.4749999999999091 1386.3250000000000455 1384.5009999999999764 1381.9300000000000637 1378.7029999999999745 1379.3109999999999218 1378.7970000000000255 1374.4020000000000437 1371.3160000000000309 1367.8559999999999945 1362.80600000000004 1358.5509999999999309 1355.5589999999999691 1353.6890000000000782 1351.7719999999999345 1351.2100000000000364 1349.6210000000000946 1347.4230000000000018 1345.1320000000000618 1343.4020000000000437 1341.8589999999999236
1457.0670000000000073 1452.2509999999999764 1448.5579999999999927 1446.0789999999999509 1443.3679999999999382 1436.4939999999999145 1432.7070000000001073 1426.8630000000000564 1423.40300000000002 1420.4570000000001073 1416.5289999999999964 1413.6769999999999072 1409.6089999999999236 1406.7100000000000364 1403.5309999999999491 1400.8659999999999854 1397.0319999999999254 1393.6649999999999636 1389.6440000000000055 1385.3900000000001 1383.5190000000000055 1381.7419999999999618 1379.2639999999998963 1376.5060000000000855 1373.8869999999999436 1372.5779999999999745 1369.7729999999999109 1366.3599999999999 1363.1800000000000637 1358.6449999999999818 1354.6700000000000728 1351.8179999999999836 1351.3969999999999345 1351.2570000000000618 1349.7139999999999418 1348.4519999999999982 1346.1610000000000582 1343.9169999999999163 1341.8589999999999236 1340.1289999999999054
1455.3369999999999891 1451.1289999999999054 1448.0899999999999181 1445.7989999999999782 1442.7599999999999909 1435.4190000000000964 1431.2110000000000127 1425.4600000000000364 1420.8779999999999291 1417.3240000000000691 1413.4429999999999836 1410.4039999999999964 1407.178000000000111 1404.0920000000000982 1400.7260000000001128 1397.9200000000000728 1395.0679999999999836 1391.8420000000000982 1388.1010000000001128 1385.0619999999998981 1382.7239999999999327 1378.9839999999999236 1375.3369999999999891 1372.7190000000000509 1370.7080000000000837 1368.2770000000000437 1364.5360000000000582 1360.9359999999999218 1357.4290000000000873 1353.9690000000000509 1350.6030000000000655 1349.4800000000000182 1349.3869999999999436 1348.1710000000000491 1347.75 1347.1890000000000782 1345.0389999999999873 1342.8409999999998945 1340.73700000000008 1338.5399999999999636
1453.7480000000000473 1450.0070000000000618 1446.7339999999999236 1444.8170000000000073 1442.5730000000000928 1435.9800000000000182 1431.2110000000000127 1424.6179999999999382 1419.0540000000000873 1415.4069999999999254 1412.3679999999999382 1409.7960000000000491 1405.8689999999999145 1401.9880000000000564 1397.8269999999999982 1394.8810000000000855 1392.1690000000000964 1389.6440000000000055 1387.3070000000000164 1385.0150000000001 1382.3499999999999091 1377.3009999999999309 1372.2039999999999509 1368.4169999999999163 1365.2380000000000564 1362.80600000000004 1360.1880000000001019 1356.54099999999994 1352.0519999999999072 1348.8260000000000218 1347.4230000000000018 1346.6749999999999545 1346.4410000000000309 1345.6929999999999836 1345.31899999999996 1345.6459999999999582 1344.0099999999999909 1341.2980000000000018 1339.6150000000000091 1337.1839999999999691
1451.4100000000000819 1446.3130000000001019 1443.0399999999999636 1440.0009999999999764 1439.4400000000000546 1435.9329999999999927 1432.0519999999999072 1425.3199999999999363 1419.7560000000000855 1415.5470000000000255 1411.7599999999999909 1408.9079999999999018 1405.2139999999999418 1401.3330000000000837 1397.125 1393.6649999999999636 1390.7200000000000273 1387.7739999999998872 1385.4359999999999218 1383.6600000000000819 1381.04099999999994 1376.8330000000000837 1371.5960000000000036 1367.1079999999999472 1362.9000000000000909 1359.8599999999999 1356.6340000000000146 1353.6890000000000782 1349.6669999999999163 1346.0670000000000073 1344.9449999999999363 1344.2439999999999145 1344.29099999999994 1343.6359999999999673 1343.2149999999999181 1343.4020000000000437 1342.6069999999999709 1340.5499999999999545 1337.9790000000000418 1336.2019999999999982
1446.7339999999999236 1443.5550000000000637 1441.4510000000000218 1436.68100000000004 1435.6990000000000691 1435.5589999999999691 1432.3800000000001091 1428.8730000000000473 1423.5899999999999181 1417.5579999999999927 1412.9760000000001128 1408.7680000000000291 1405.6820000000000164 1401.5209999999999582 1397.5930000000000746 1393.7119999999999891 1389.6440000000000055 1385.8569999999999709 1382.678000000000111 1380.3399999999999181 1378.4230000000000018 1375.05600000000004 1370.0070000000000618 1366.0319999999999254 1361.9649999999999181 1357.7100000000000364 1354.1089999999999236 1350.9300000000000637 1347.4700000000000273 1344.4780000000000655 1342.7480000000000473 1342.2799999999999727 1342.2799999999999727 1341.6720000000000255 1341.4380000000001019 1341.5789999999999509 1340.4570000000001073 1339.2880000000000109 1337.0899999999999181 1335.1730000000000018
1438.9259999999999309 1436.8679999999999382 1436.5879999999999654 1436.1669999999999163 1433.5019999999999527 1429.8079999999999927 1427.0960000000000036 1426.72199999999998 1423.6829999999999927 1418.16599999999994 1413.4900000000000091 1408.2999999999999545 1404.8869999999999436 1401.8949999999999818 1398.38799999999992 1394.6010000000001128 1389.8779999999999291 1384.8279999999999745 1380.9480000000000928 1377.6279999999999291 1374.4949999999998909 1371.0820000000001073 1366.0789999999999509 1361.7770000000000437 1358.8320000000001073 1354.9510000000000218 1351.3040000000000873 1348.0309999999999491 1344.9449999999999363 1342.9349999999999454 1341.7190000000000509 1340.73700000000008 1340.1289999999999054 1339.3810000000000855 1339.19399999999996 1339.3810000000000855 1338.30600000000004 1337.79099999999994 1336.2019999999999982 1334.7049999999999272
1436.6349999999999909 1432.1929999999999836 1431.2110000000000127 1431.0709999999999127 1429.3409999999998945 1425.1790000000000873 1422.5609999999999218 1421.2519999999999527 1418.6330000000000382 1415.4539999999999509 1411.0589999999999691 1405.6820000000000164 1402.8759999999999764 1399.6500000000000909 1396.9380000000001019 1393.0579999999999927 1388.6159999999999854 1384.0799999999999272 1379.1240000000000236 1373.9339999999999691 1371.5499999999999545 1368.8379999999999654 1364.6759999999999309 1360.7490000000000236 1356.54099999999994 1352.9400000000000546 1349.0599999999999454 1346.1140000000000327 1343.6359999999999673 1341.9529999999999745 1340.5499999999999545 1339.5209999999999582 1338.5399999999999636 1337.5109999999999673 1337.2300000000000182 1336.76299999999992 1335.9680000000000746 1336.2019999999999982 1335.7809999999999491 1334.2850000000000819
