OpenFOAM-v2206/modules/avalanche/tutorials/wolfsgrube/constant/gisdata/dem.asc
ncols        426
nrows        258
xllcorner    -5803.000000000000
yllcorner    219917.000000000000
cellsize     10
NODATA_value  -9999
[rows 144 to 161 of 258, columns 320 to 359 of 426]
1846.7829999999999018 1845.3800000000001091 1844.3979999999999109 1842.2940000000000964 1841.2650000000001 1840.8450000000000273 1839.1150000000000091 1837.1040000000000418 1837.4780000000000655 1835.4680000000000746 1833.6910000000000309 1831.30600000000004 1828.6880000000001019 1822.8430000000000746 1816.7650000000001 1811.2010000000000218 1806.3849999999999909 1803.7200000000000273 1801.4290000000000873 1799.6520000000000437 1797.5480000000000018 1795.2570000000000618 1791.9369999999998981 1788.5239999999998872 1784.2690000000000055 1779.8269999999999982 1777.2560000000000855 1775.4790000000000418 1771.4580000000000837 1769.0270000000000437 1767.8579999999999472 1766.7360000000001037 1765.6600000000000819 1765.84699999999998 1768.9329999999999927 1768.65300000000002 1766.36200000000008 1759.0209999999999582 1752.19399999999996 1747.5190000000000055
1851.178000000000111 1850.8969999999999345 1850.94399999999996 1848.2319999999999709 1846.9700000000000273 1845.3330000000000837 1844.3979999999999109 1842.0139999999998963 1841.8269999999999982 1840.3769999999999527 1838.1800000000000637 1836.0289999999999964 1831.7270000000000891 1825.8830000000000382 1819.4770000000000891 1813.3050000000000637 1810.0319999999999254 1806.0579999999999927 1803.2989999999999782 1801.56899999999996 1799.6050000000000182 1795.7709999999999582 1792.7319999999999709 1788.5709999999999127 1784.1759999999999309 1780.6690000000000964 1779.1730000000000018 1775.5730000000000928 1774.6839999999999691 1772.8140000000000782 1769.8679999999999382 1768.3720000000000709 1767.8109999999999218 1769.6349999999999909 1772.7670000000000528 1774.2170000000000982 1769.821999999999889 1764.3979999999999109 1757.3379999999999654 1751.7270000000000891
1856.6479999999999109 1854.9179999999998927 1855.1520000000000437 1854.3569999999999709 1852.7210000000000036 1850.1489999999998872 1848.6059999999999945 1846.0350000000000819 1844.9120000000000346 1844.2110000000000127 1842.6679999999998927 1838.7409999999999854 1833.4100000000000819 1827.7529999999999291 1821.34699999999998 1816.3910000000000764 1812.2300000000000182 1808.4890000000000327 1805.4500000000000455 1803.9539999999999509 1800.7280000000000655 1797.3610000000001037 1792.4980000000000473 1788.196999999999889 1784.9239999999999782 1782.2590000000000146 1780.0139999999998963 1778.9390000000000782 1777.0219999999999345 1774.2170000000000982 1773.4220000000000255 1773.0009999999999764 1772.7670000000000528 1774.8240000000000691 1778.09699999999998 1778.4710000000000036 1773.0009999999999764 1768.8859999999999673 1763.0889999999999418 1756.6829999999999927
1861.5579999999999927 1861.1839999999999691 1860.4819999999999709 1860.76299999999992 1859.0329999999999018 1857.6300000000001091 1855.3389999999999418 1852.34699999999998 1848.0920000000000982 1847.5779999999999745 1845.3800000000001091 1840.6110000000001037 1837.2439999999999145 1830.4649999999999181 1824.7599999999999909 1819.05600000000004 1814.8009999999999309 1810.2660000000000764 1807.2270000000000891 1805.1230000000000473 1801.56899999999996 1797.9690000000000509 1792.3579999999999472 1788.5239999999998872 1786.6069999999999709 1783.8949999999999818 1783.1469999999999345 1780.90300000000002 1779.8269999999999982 1780.0139999999998963 1778.4710000000000036 1779.3130000000001019 1779.9680000000000746 1782.9600000000000364 1786.1859999999999218 1780.8559999999999945 1777.3959999999999582 1774.7309999999999945 1768.3250000000000455 1763.0419999999999163
1865.4390000000000782 1864.2229999999999563 1863.8489999999999327 1864.3160000000000309 1864.1289999999999054 1862.7729999999999109 1859.9210000000000491 1856.1340000000000146 1852.5809999999999036 1850.2889999999999873 1846.3150000000000546 1841.8730000000000473 1840.23700000000008 1834.3450000000000273 1827.5190000000000055 1821.6739999999999782 1817.4200000000000728 1812.0429999999998927 1808.7699999999999818 1805.1690000000000964 1801.1020000000000891 1797.9220000000000255 1793.15300000000002 1790.3479999999999563 1787.7290000000000418 1787.1210000000000946 1785.3450000000000273 1784.4100000000000819 1785.5319999999999254 1785.4380000000001019 1782.30600000000004 1785.7190000000000509 1789.6459999999999582 1792.8260000000000218 1790.5809999999999036 1783.0540000000000873 1781.4169999999999163 1778.7989999999999782 1773.3279999999999745 1770.3830000000000382
1869.2729999999999109 1868.4780000000000655 1867.4020000000000437 1866.2799999999999727 1865.0640000000000782 1864.4100000000000819 1862.8669999999999618 1860.1549999999999727 1856.04099999999994 1851.6449999999999818 1847.8109999999999218 1845.053000000000111 1843.1359999999999673 1836.7300000000000182 1830.1839999999999691 1825.0879999999999654 1819.7110000000000127 1814.1469999999999345 1809.09699999999998 1805.0760000000000218 1801.6630000000000109 1798.0160000000000764 1794.1820000000000164 1791.9369999999998981 1791.3289999999999509 1789.2249999999999091 1788.1500000000000909 1790.1140000000000327 1790.9090000000001055 1789.45900000000006 1785.0170000000000528 1791.0019999999999527 1795.1169999999999618 1798.6700000000000728 1792.0779999999999745 1785.1110000000001037 1784.8769999999999527 1783.8019999999999072 1779.5470000000000255 1775.7599999999999909
1871.3769999999999527 1870.3009999999999309 1869.553000000000111 1868.8050000000000637 1867.3559999999999945 1865.2980000000000018 1864.59699999999998 1862.4929999999999382 1857.1159999999999854 1853.0950000000000273 1850.1489999999998872 1847.6710000000000491 1845.4739999999999327 1838.928000000000111 1832.428000000000111 1826.8179999999999836 1821.48700000000008 1815.4559999999999036 1810.8740000000000236 1806.9929999999999382 1802.8320000000001073 1798.3900000000001 1796.4259999999999309 1795.4909999999999854 1793.9480000000000928 1792.0309999999999491 1792.8260000000000218 1794.6489999999998872 1793.9480000000000928 1791.9369999999998981 1791.3289999999999509 1795.8650000000000091 1801.3820000000000618 1800.7739999999998872 1793.9949999999998909 1788.4770000000000891 1788.6179999999999382 1788.9919999999999618 1787.8230000000000928 1780.9500000000000455
1875.1639999999999873 1873.8079999999999927 1872.3589999999999236 1871.3769999999999527 1869.5999999999999091 1866.9349999999999454 1865.7190000000000509 1864.2229999999999563 1859.2670000000000528 1856.8350000000000364 1853.9369999999998981 1851.178000000000111 1847.6710000000000491 1841.8730000000000473 1834.9529999999999745 1828.6880000000001019 1823.7319999999999709 1818.5419999999999163 1814.0999999999999091 1809.1440000000000055 1803.2059999999999036 1800.7739999999998872 1799.9790000000000418 1799.0440000000000964 1796.8940000000000055 1796.3789999999999054 1797.9690000000000509 1797.8289999999999509 1796.5199999999999818 1796.1920000000000073 1798.1559999999999491 1803.6730000000000018 1805.6369999999999436 1801.9900000000000091 1796.0519999999999072 1792.4519999999999982 1792.2180000000000746 1793.5740000000000691 1793.3399999999999181 1787.8230000000000928
1877.9230000000000018 1877.0340000000001055 1876.3800000000001091 1874.8830000000000382 1873.6210000000000946 1871.2360000000001037 1867.8230000000000928 1864.59699999999998 1862.6800000000000637 1860.4819999999999709 1856.7889999999999873 1854.4980000000000473 1849.2609999999999673 1842.1069999999999709 1835.6549999999999727 1830.0909999999998945 1826.0699999999999363 1821.9549999999999272 1817.1389999999998963 1810.7329999999999472 1806.8530000000000655 1804.6079999999999472 1804.0940000000000509 1803.11200000000008 1801.2889999999999873 1801.6630000000000109 1801.803000000000111 1801.0080000000000382 1801.1020000000000891 1803.7670000000000528 1805.9639999999999418 1809.3779999999999291 1808.3489999999999327 1803.0650000000000546 1798.7170000000000982 1796.0519999999999072 1796.0050000000001091 1797.5009999999999764 1800.3540000000000418 1792.6389999999998963
1877.6890000000000782 1877.0340000000001055 1876.6130000000000564 1875.95900000000006 1874.6959999999999127 1872.9200000000000728 1870.6749999999999545 1866.7480000000000473 1865.8589999999999236 1863.19399999999996 1860.0619999999998981 1856.3209999999999127 1850.1489999999998872 1843.3699999999998909 1836.40300000000002 1833.59699999999998 1831.0730000000000928 1826.4900000000000091 1820.6459999999999582 1813.9130000000000109 1810.7329999999999472 1809.7519999999999527 1808.6759999999999309 1807.0399999999999636 1806.8530000000000655 1805.6839999999999691 1805.3099999999999454 1804.4210000000000491 1805.26299999999992 1809.7980000000000018 1814.6610000000000582 1814.33400000000006 1810.6869999999998981 1806.571999999999889 1802.1769999999999072 1799.9790000000000418 1799.3250000000000455 1801.4290000000000873 1804.7950000000000728 1797.5009999999999764
1878.2970000000000255 1878.0630000000001019 1876.84699999999998 1875.44399999999996 1874.1349999999999909 1872.4049999999999727 1870.9090000000001055 1868.9449999999999363 1867.4020000000000437 1864.8309999999999036 1861.3710000000000946 1859.2200000000000273 1853.5160000000000764 1845.7539999999999054 1840.1430000000000291 1837.43100000000004 1832.1949999999999363 1827.47199999999998 1822.5630000000001019 1819.2429999999999382 1816.2039999999999509 1815.0350000000000819 1813.6790000000000873 1812.93100000000004 1811.52800000000002 1810.7329999999999472 1809.5650000000000546 1809.9390000000000782 1813.0250000000000909 1815.8769999999999527 1819.2899999999999636 1816.6720000000000255 1815.0820000000001073 1810.2190000000000509 1806.6189999999999145 1805.3099999999999454 1802.4580000000000837 1805.1690000000000964 1808.1620000000000346 1801.2889999999999873
1879.4190000000000964 1878.6710000000000491 1878.1099999999999 1876.5670000000000073 1874.41599999999994 1873.9010000000000673 1872.4519999999999982 1870.9090000000001055 1869.1790000000000873 1866.5609999999999218 1863.19399999999996 1859.3130000000001019 1853.8430000000000746 1846.9230000000000018 1844.9120000000000346 1840.7980000000000018 1835.7010000000000218 1831.8669999999999618 1830.0909999999998945 1825.8360000000000127 1821.7210000000000036 1819.3830000000000382 1817.7000000000000455 1817.9339999999999691 1818.4949999999998909 1815.9230000000000018 1815.3160000000000309 1817.7470000000000709 1820.2249999999999091 1823.3109999999999218 1822.8900000000001 1820.2249999999999091 1818.4010000000000673 1814.053000000000111 1810.5460000000000491 1809.7519999999999527 1806.571999999999889 1807.928000000000111 1811.8089999999999691 1804.0940000000000509
1880.8209999999999127 1880.3540000000000418 1879.3720000000000709 1878.5769999999999982 1876.0989999999999327 1876.1459999999999582 1874.2760000000000673 1873.4339999999999691 1872.0309999999999491 1868.8520000000000891 1865.5319999999999254 1860.3420000000000982 1854.9179999999998927 1851.1310000000000855 1850.7570000000000618 1845.8009999999999309 1840.5640000000000782 1837.0109999999999673 1834.4860000000001037 1830.1369999999999436 1826.0229999999999109 1824.3859999999999673 1823.0769999999999982 1823.0299999999999727 1822.0950000000000273 1821.2070000000001073 1823.4510000000000218 1826.303000000000111 1828.2200000000000273 1829.5760000000000218 1826.0229999999999109 1825.7889999999999873 1822.8430000000000746 1817.4659999999998945 1814.8479999999999563 1814.2400000000000091 1811.2480000000000473 1810.8269999999999982 1814.1929999999999836 1806.0109999999999673
1883.6739999999999782 1882.3179999999999836 1881.4760000000001128 1880.9619999999999891 1878.7639999999998963 1878.6710000000000491 1877.7360000000001037 1876.2390000000000327 1874.321999999999889 1872.4049999999999727 1867.9629999999999654 1863.5679999999999836 1858.0039999999999054 1855.2460000000000946 1853.2349999999999 1850.3360000000000127 1844.3979999999999109 1842.8079999999999927 1839.4420000000000073 1834.9069999999999254 1830.7919999999999163 1829.0619999999998981 1828.6880000000001019 1827.7999999999999545 1827.5660000000000309 1829.3430000000000746 1831.2599999999999909 1833.9710000000000036 1836.1690000000000964 1832.8489999999999327 1830.4179999999998927 1830.8849999999999909 1826.3499999999999091 1821.6279999999999291 1819.1030000000000655 1818.1679999999998927 1816.1569999999999254 1814.7550000000001091 1815.5029999999999291 1807.8350000000000364
1886.80600000000004 1885.6839999999999691 1884.0480000000000018 1884.0009999999999764 1882.08400000000006 1881.1020000000000891 1880.8679999999999382 1879.4190000000000964 1876.7999999999999545 1874.7899999999999636 1872.2180000000000746 1866.4200000000000728 1862.8669999999999618 1859.5940000000000509 1856.3209999999999127 1854.3109999999999218 1850.2429999999999382 1846.9700000000000273 1842.2940000000000964 1837.7590000000000146 1835 1833.2229999999999563 1832.8489999999999327 1833.1300000000001091 1833.8779999999999291 1837.7119999999999891 1839.0209999999999582 1842.2010000000000218 1840.3769999999999527 1836.40300000000002 1836.0750000000000455 1835.4680000000000746 1830.5109999999999673 1825.6959999999999127 1822.7029999999999745 1821.8150000000000546 1820.9729999999999563 1818.821999999999889 1816.9519999999999982 1809.6579999999999018
1889.8450000000000273 1889.09699999999998 1887.7409999999999854 1886.80600000000004 1885.3569999999999709 1884.2809999999999491 1884.3279999999999745 1882.2709999999999582 1879.0909999999998945 1877.6420000000000528 1875.5380000000000109 1870.86200000000008 1867.6359999999999673 1864.5029999999999291 1861.6980000000000928 1858.61200000000008 1853.8900000000001 1851.178000000000111 1844.2110000000000127 1841.4990000000000236 1839.9559999999999036 1837.6649999999999636 1837.7590000000000146 1838.9739999999999327 1842.2470000000000709 1844.5380000000000109 1848.2789999999999964 1847.6240000000000236 1843.2760000000000673 1840.9849999999999 1841.7799999999999727 1839.6289999999999054 1835.7480000000000473 1830.2309999999999945 1826.7239999999999327 1825.6959999999999127 1824.9010000000000673 1822.9369999999998981 1820.9729999999999563 1812.0429999999998927
1892.8849999999999909 1892.2770000000000437 1891.7159999999998945 1889.2840000000001055 1888.8640000000000327 1887.2739999999998872 1887.5080000000000382 1885.8240000000000691 1883.2999999999999545 1881.6630000000000109 1876.9410000000000309 1873.01299999999992 1871.2360000000001037 1869.6469999999999345 1866.1400000000001 1863.4749999999999091 1858.9860000000001037 1852.7680000000000291 1847.4369999999998981 1844.95900000000006 1843.1820000000000164 1842.1539999999999964 1843.696999999999889 1846.1279999999999291 1849.0740000000000691 1853.2349999999999 1853.8900000000001 1851.7390000000000327 1847.4369999999998981 1845.7539999999999054 1846.4090000000001055 1844.4449999999999363 1840.0029999999999291 1834.7660000000000764 1830.2309999999999945 1829.8569999999999709 1828.9690000000000509 1827.2390000000000327 1823.4049999999999727 1814.9420000000000073
1895.7840000000001055 1895.5499999999999545 1894.428000000000111 1892.2300000000000182 1891.2480000000000473 1890.2660000000000764 1890.2190000000000509 1887.928000000000111 1886.3849999999999909 1882.5519999999999072 1878.9980000000000473 1877.2210000000000036 1875.0239999999998872 1872.3589999999999236 1870.2080000000000837 1865.6720000000000255 1861.2300000000000182 1857.20900000000006 1854.2639999999998963 1850.1489999999998872 1849.3540000000000418 1848.5589999999999691 1850.8040000000000873 1853.8430000000000746 1855.9939999999999145 1859.6410000000000764 1859.9680000000000746 1855.8540000000000418 1851.7860000000000582 1851.6920000000000073 1851.7390000000000327 1849.0270000000000437 1844.0709999999999127 1839.1150000000000091 1834.2519999999999527 1834.2519999999999527 1832.5219999999999345 1831.16599999999994 1826.6310000000000855 1818.4010000000000673
