OpenFOAM-v2206/modules/avalanche/tutorials/wolfsgrube/constant/gisdata/dem.asc
ncols        426
nrows        258
xllcorner    -5803.000000000000
yllcorner    219917.000000000000
cellsize     10
NODATA_value  -9999
[rows 18 to 35 of 258, columns 320 to 359 of 426]
1255.9210000000000491 1255.4529999999999745 1254.9390000000000782 1254.4710000000000036 1253.5360000000000582 1254.8920000000000528 1255.3130000000001019 1254.8450000000000273 1255.9680000000000746 1259.19399999999996 1259.6610000000000582 1261.2039999999999509 1260.9239999999999782 1264.196999999999889 1265.6929999999999836 1266.6279999999999291 1267.7029999999999745 1268.0309999999999491 1269.8540000000000418 1269.7139999999999418 1267.0489999999999782 1267.3289999999999509 1266.9549999999999272 1267.3289999999999509 1268.6389999999998963 1267.5630000000001019 1265.31899999999996 1263.7290000000000418 1262.4670000000000982 1261.5309999999999491 1259.8019999999999072 1258.3520000000000891 1257.3230000000000928 1257.0429999999998927 1255.9210000000000491 1254.9860000000001037 1254.5650000000000546 1254.3779999999999291 1254.1910000000000309 1253.9570000000001073
1255.7809999999999491 1256.2010000000000218 1256.90300000000002 1258.5860000000000127 1259.6610000000000582 1260.4090000000001055 1260.8769999999999527 1260.1289999999999054 1262.1859999999999218 1263.5889999999999418 1264.7110000000000127 1264.5239999999998872 1264.7580000000000382 1266.7210000000000036 1268.0769999999999982 1269.2929999999998927 1270.2280000000000655 1270.3689999999999145 1272.0989999999999327 1272.5190000000000055 1272.0989999999999327 1269.7139999999999418 1270.4619999999999891 1271.0229999999999109 1271.1630000000000109 1269.9010000000000673 1267.2829999999999018 1265.6459999999999582 1265.1320000000000618 1264.196999999999889 1262.7000000000000455 1261.2039999999999509 1260.8299999999999272 1260.0820000000001073 1258.9600000000000364 1257.2300000000000182 1255.8740000000000236 1255.5 1255.1730000000000018 1254.7049999999999272
1256.0139999999998963 1256.90300000000002 1260.1289999999999054 1262.1389999999998963 1263.4480000000000928 1264.5709999999999127 1265.4120000000000346 1265.9269999999999072 1266.9079999999999018 1268.1710000000000491 1268.8260000000000218 1269.2929999999998927 1270.1349999999999909 1271.0229999999999109 1271.7709999999999582 1273.0799999999999272 1273.4539999999999509 1274.2960000000000491 1275.0440000000000964 1275.3250000000000455 1275.4179999999998927 1275.0909999999998945 1274.4829999999999472 1274.0619999999998981 1273.0799999999999272 1272.2390000000000327 1270.9760000000001128 1269.9010000000000673 1269.5270000000000437 1268.4049999999999727 1267.2829999999999018 1265.2719999999999345 1264.6639999999999873 1263.9629999999999654 1262.4200000000000728 1259.7080000000000837 1258.1179999999999382 1257.3230000000000928 1256.6220000000000709 1256.1549999999999727
1258.3520000000000891 1260.9239999999999782 1263.3550000000000182 1265.2719999999999345 1267.5630000000001019 1268.7789999999999964 1269.9939999999999145 1271.2570000000000618 1272.0989999999999327 1273.3140000000000782 1273.6880000000001019 1273.7819999999999254 1275.9790000000000418 1276.8679999999999382 1276.9610000000000127 1277.9429999999999836 1278.2699999999999818 1278.2699999999999818 1280.1869999999998981 1280.6079999999999472 1279.7200000000000273 1279.2059999999999036 1279.1590000000001055 1278.5509999999999309 1277.2880000000000109 1275.8859999999999673 1274.9510000000000218 1274.8569999999999709 1274.2029999999999745 1272.3789999999999054 1271.2570000000000618 1269.4800000000000182 1268.4980000000000473 1268.1710000000000491 1265.8330000000000837 1262.8869999999999436 1261.3440000000000509 1260.73700000000008 1259.8949999999999818 1259.7550000000001091
1264.1500000000000909 1266.0199999999999818 1266.9079999999999018 1268.5450000000000728 1270.2280000000000655 1272.7059999999999036 1273.875 1275.4179999999998927 1277.0550000000000637 1277.9900000000000091 1278.2239999999999327 1279.4390000000000782 1280.3740000000000236 1281.9639999999999418 1282.3849999999999909 1283.0399999999999636 1282.9929999999999382 1283.5540000000000873 1284.2550000000001091 1285.6110000000001037 1285.4239999999999782 1285.23700000000008 1284.5360000000000582 1283.5540000000000873 1282.0579999999999927 1280.4210000000000491 1279.11200000000008 1278.7380000000000564 1277.9429999999999836 1276.3070000000000164 1274.8099999999999454 1273.8279999999999745 1272.6600000000000819 1271.5370000000000346 1269.2000000000000455 1266.8150000000000546 1264.8979999999999109 1263.8689999999999145 1262.7000000000000455 1262.7470000000000709
1269.2929999999998927 1270.04099999999994 1271.5370000000000346 1273.0799999999999272 1274.8099999999999454 1277.2419999999999618 1279.2519999999999527 1279.6730000000000018 1280.7019999999999982 1281.4500000000000455 1282.8530000000000655 1285.09699999999998 1286.5460000000000491 1287.9490000000000691 1287.9490000000000691 1289.0239999999998872 1288.7439999999999145 1288.5099999999999909 1288.6500000000000909 1290.9880000000000564 1290.9880000000000564 1290.9880000000000564 1291.0350000000000819 1290.1929999999999836 1287.9020000000000437 1286.4529999999999745 1285.5180000000000291 1283.8810000000000855 1282.6189999999999145 1281.0289999999999964 1279.4390000000000782 1277.8499999999999091 1275.5119999999999436 1273.5009999999999764 1272.0989999999999327 1271.3969999999999345 1269.6199999999998909 1267.3289999999999509 1266.7210000000000036 1265.8800000000001091
1274.3430000000000746 1275.7919999999999163 1277.56899999999996 1277.8959999999999582 1279.0650000000000546 1280.4680000000000746 1281.7770000000000437 1282.8989999999998872 1285.0029999999999291 1286.3589999999999236 1288.1359999999999673 1289.9130000000000109 1292.2970000000000255 1292.7180000000000746 1293.0450000000000728 1294.9619999999999891 1294.5879999999999654 1293.1859999999999218 1293.8399999999999181 1294.7750000000000909 1296.3179999999999836 1297.0199999999999818 1296.3179999999999836 1294.1679999999998927 1292.2970000000000255 1289.7719999999999345 1289.5850000000000364 1287.9490000000000691 1286.5460000000000491 1285.7509999999999764 1283.69399999999996 1281.7300000000000182 1280.4680000000000746 1277.6630000000000109 1277.1010000000001128 1276.4000000000000909 1275.27800000000002 1272.6600000000000819 1272.1920000000000073 1270.321999999999889
1277.6159999999999854 1280.6079999999999472 1283.6010000000001128 1285.1440000000000055 1285.0499999999999545 1285.3769999999999527 1285.9849999999999 1286.8740000000000236 1289.4919999999999618 1291.7829999999999018 1294.821999999999889 1297.34699999999998 1299.4510000000000218 1299.5909999999998945 1300.0119999999999436 1301.04099999999994 1300.3389999999999418 1298.9369999999998981 1297.9079999999999018 1299.1710000000000491 1299.8720000000000709 1300.7599999999999909 1299.9190000000000964 1298.1890000000000782 1296.0850000000000364 1295.2429999999999382 1294.4010000000000673 1292.2970000000000255 1290.2400000000000091 1289.2580000000000382 1288.4169999999999163 1285.7049999999999272 1283.6469999999999345 1281.9169999999999163 1281.0289999999999964 1279.9539999999999509 1279.2519999999999527 1277.3350000000000364 1277.4290000000000873 1276.3530000000000655
1282.7590000000000146 1287.2480000000000473 1289.5389999999999873 1290.6140000000000327 1290.9410000000000309 1291.3150000000000546 1290.053000000000111 1292.9519999999999982 1294.6820000000000164 1297.2539999999999054 1301.18100000000004 1303.8460000000000036 1305.0150000000001 1305.8569999999999709 1306.0440000000000964 1305.76299999999992 1305.1549999999999727 1304.1269999999999527 1302.4900000000000091 1302.0229999999999109 1304.0799999999999272 1303.7059999999999036 1303.1920000000000073 1302.06899999999996 1300.3389999999999418 1299.4510000000000218 1298.2819999999999254 1296.2249999999999091 1293.9800000000000182 1292.9519999999999982 1292.7180000000000746 1290.7539999999999054 1287.5750000000000455 1285.8450000000000273 1285.5640000000000782 1284.5360000000000582 1283.4600000000000364 1283.2729999999999109 1281.7300000000000182 1279.7670000000000528
1288.79099999999994 1292.0170000000000528 1294.0740000000000691 1295.1489999999998872 1296.6920000000000073 1297.7680000000000291 1298.0480000000000018 1299.3579999999999472 1302.1630000000000109 1303.8930000000000291 1306.6050000000000182 1309.0830000000000837 1311.2809999999999491 1311.8420000000000982 1311.1400000000001 1311.1400000000001 1309.2699999999999818 1307.9610000000000127 1306.4649999999999181 1305.4829999999999472 1306.0909999999998945 1306.1369999999999436 1307.3530000000000655 1305.5289999999999964 1304.9220000000000255 1304.4539999999999509 1303.0509999999999309 1300.5730000000000928 1298.1420000000000528 1297.48700000000008 1298.1420000000000528 1296.7390000000000327 1293.9800000000000182 1290.6140000000000327 1289.3520000000000891 1288.0889999999999418 1286.8740000000000236 1286.1720000000000255 1284.9570000000001073 1282.66599999999994
1295.3830000000000382 1297.7680000000000291 1299.1240000000000236 1300.0589999999999691 1301.5080000000000382 1303.9400000000000546 1304.1730000000000018 1306.3710000000000946 1309.2699999999999818 1310.2989999999999782 1311.88799999999992 1314.4130000000000109 1317.0309999999999491 1316.3769999999999527 1316.1430000000000291 1315.8160000000000309 1314.553000000000111 1312.2619999999999436 1310.8130000000001019 1309.1759999999999309 1308.5219999999999345 1309.3170000000000073 1308.8959999999999582 1309.2699999999999818 1308.9890000000000327 1309.4100000000000819 1308.428000000000111 1305.4359999999999218 1302.5370000000000346 1302.4429999999999836 1302.5370000000000346 1300.8070000000000164 1298.2819999999999254 1295.1959999999999127 1293.6059999999999945 1291.4559999999999036 1289.3520000000000891 1288.0419999999999163 1286.9670000000000982 1285.09699999999998
1301.6949999999999363 1304.1730000000000018 1306.1369999999999436 1306.8849999999999909 1307.071999999999889 1308.3350000000000364 1310.9059999999999491 1311.7950000000000728 1314.6469999999999345 1316.0960000000000036 1317.4990000000000236 1319.4629999999999654 1319.3230000000000928 1319.6500000000000909 1319.0419999999999163 1318.3869999999999436 1317.0779999999999745 1315.5350000000000819 1314.2729999999999109 1313.1040000000000418 1309.7380000000000564 1311.3740000000000236 1313.8050000000000637 1313.8520000000000891 1313.3379999999999654 1313.7590000000000146 1312.6359999999999673 1309.8779999999999291 1307.4459999999999127 1307.1189999999999145 1307.0260000000000673 1305.0619999999998981 1302.1159999999999854 1299.6849999999999454 1297.5340000000001055 1295.05600000000004 1293.1859999999999218 1290.2400000000000091 1289.4919999999999618 1288.3699999999998909
1307.071999999999889 1309.8309999999999036 1311.6079999999999472 1312.5899999999999181 1313.43100000000004 1315.2550000000001091 1317.2650000000001 1319.2290000000000418 1320.6320000000000618 1321.2400000000000091 1320.8650000000000091 1322.0809999999999036 1323.4369999999998981 1322.9700000000000273 1322.8759999999999764 1322.5489999999999782 1321.2400000000000091 1319.8840000000000146 1317.7799999999999727 1316.4239999999999782 1314.9269999999999072 1315.1150000000000091 1318.5740000000000691 1318.8550000000000182 1318.9020000000000437 1318.0599999999999454 1315.0209999999999582 1312.4490000000000691 1311.0940000000000509 1310.6259999999999764 1310.7190000000000509 1309.1300000000001091 1306.7449999999998909 1304.7809999999999491 1302.3969999999999345 1301.04099999999994 1299.4980000000000473 1296.2719999999999345 1292.3910000000000764 1291.3150000000000546
1313.43100000000004 1315.4420000000000073 1318.1539999999999964 1319.0419999999999163 1319.3230000000000928 1320.3510000000001128 1323.6710000000000491 1324.65300000000002 1325.3070000000000164 1326.0090000000000146 1325.4480000000000928 1326.4300000000000637 1326.8969999999999345 1327.1310000000000855 1327.3179999999999836 1325.6349999999999909 1323.9980000000000473 1322.4079999999999018 1321.5670000000000073 1320.8650000000000091 1321.6140000000000327 1320.4449999999999363 1321.4729999999999563 1322.8759999999999764 1322.7819999999999254 1322.6420000000000528 1321.0060000000000855 1318.9480000000000928 1316.6110000000001037 1315.8630000000000564 1314.5999999999999091 1312.8230000000000928 1310.7190000000000509 1308.8489999999999327 1307.7270000000000891 1306.0909999999998945 1303.5190000000000055 1300.0119999999999436 1297.2539999999999054 1294.6820000000000164
1319.6030000000000655 1322.0340000000001055 1324.2789999999999964 1325.9149999999999636 1326.7100000000000364 1327.0370000000000346 1328.9539999999999509 1330.3569999999999709 1329.9359999999999218 1329.1410000000000764 1329.8430000000000746 1330.63799999999992 1330.8710000000000946 1330.0769999999999982 1330.4039999999999964 1329.7029999999999745 1326.6169999999999618 1324.8399999999999181 1325.1669999999999163 1325.7280000000000655 1327.8320000000001073 1327.7390000000000327 1327.5050000000001091 1326.9909999999999854 1327.5050000000001091 1326.9909999999999854 1325.4010000000000673 1324.3250000000000455 1323.2029999999999745 1321.7070000000001073 1319.9770000000000891 1316.9380000000001019 1315.3479999999999563 1313.8989999999998872 1312.1690000000000964 1311.3740000000000236 1307.4929999999999382 1302.9580000000000837 1301.5080000000000382 1298.75
1325.3540000000000418 1327.6920000000000073 1330.4970000000000709 1332.5080000000000382 1333.0219999999999345 1332.4139999999999873 1333.7239999999999327 1333.8640000000000327 1333.6300000000001091 1333.06899999999996 1333.9570000000001073 1334.5650000000000546 1335.1730000000000018 1335.7339999999999236 1336.90300000000002 1336.4359999999999218 1333.7699999999999818 1329.375 1328.4400000000000546 1329.2349999999999 1331.0119999999999436 1333.3959999999999582 1334.0039999999999054 1333.1620000000000346 1332.8350000000000364 1331.1520000000000437 1329.0480000000000018 1327.8320000000001073 1326.7100000000000364 1326.0090000000000146 1324.0450000000000728 1321.2400000000000091 1319.4629999999999654 1317.7799999999999727 1316.0499999999999545 1313.2439999999999145 1309.9249999999999545 1307.2590000000000146 1304.875 1303.3789999999999054
1329.1880000000001019 1332.2739999999998872 1334.8460000000000036 1337.8849999999999909 1337.5579999999999927 1338.2119999999999891 1339.0540000000000873 1338.8669999999999618 1337.9790000000000418 1337.4169999999999163 1338.2119999999999891 1339.7080000000000837 1340.4100000000000819 1342 1342.3740000000000236 1341.9059999999999491 1340.2699999999999818 1335.5 1333.7699999999999818 1333.5370000000000346 1333.6300000000001091 1336.2019999999999982 1337.7449999999998909 1337.5109999999999673 1336.8559999999999945 1336.1549999999999727 1334.3779999999999291 1332.6010000000001128 1331.8070000000000164 1330.9179999999998927 1329.0480000000000018 1326.94399999999996 1325.0740000000000691 1322.36200000000008 1320.0709999999999127 1316.1430000000000291 1313.1510000000000673 1310.5789999999999509 1309.2229999999999563 1306.7449999999998909
1332.8820000000000618 1335.3599999999999 1337.5579999999999927 1338.6800000000000637 1339.9890000000000327 1341.2980000000000018 1342.4670000000000982 1342.3269999999999982 1340.6900000000000546 1341.7190000000000509 1342.9809999999999945 1344.1040000000000418 1345.0389999999999873 1345.6459999999999582 1346.6279999999999291 1346.3009999999999309 1344.196999999999889 1340.8769999999999527 1337.3710000000000946 1336.6230000000000473 1337.2300000000000182 1339.1010000000001128 1341.0640000000000782 1340.59699999999998 1339.8959999999999582 1338.0250000000000909 1336.3420000000000982 1335.1730000000000018 1334.3309999999999036 1333.3499999999999091 1333.20900000000006 1331.7129999999999654 1329.5160000000000764 1327.08400000000006 1323.9049999999999727 1319.5099999999999909 1316.6569999999999254 1314.83400000000006 1314.1790000000000873 1309.7380000000000564
