OpenFOAM-v2206/modules/avalanche/tutorials/wolfsgrube/constant/gisdata/dem.asc
ncols        426
nrows        258
xllcorner    -5803.000000000000
yllcorner    219917.000000000000
cellsize     10
NODATA_value  -9999
[rows 198 to 215 of 258, columns 360 to 399 of 426]
1993.3179999999999836 1993.6920000000000073 1996.0299999999999727 1994.7200000000000273 1996.0760000000000218 1998.7880000000000109 2003.6980000000000928 2007.1579999999999018 2009.5889999999999418 2011.553000000000111 2014.6849999999999454 2020.6230000000000473 2026.2809999999999491 2030.4420000000000073 2033.4809999999999945 2035.3520000000000891 2038.1569999999999254 2038.9990000000000236 2040.5419999999999163 2042.2719999999999345 2046.1520000000000437 2048.9110000000000582 2052.4180000000001201 2055.7840000000001055 2060.4600000000000364 2065.7429999999999382 2069.9510000000000218 2076.3569999999999709 2081.6880000000001019 2088.7480000000000473 2097.6309999999998581 2106.5149999999998727 2114.3229999999998654 2125.8249999999998181 2136.7199999999997999 2141.5360000000000582 2152.5700000000001637 2154.3470000000002074 2156.0770000000002256 2161.2669999999998254
2002.8559999999999945 2005.7550000000001091 2007.625 2002.1079999999999472 2003.2770000000000437 2005.2870000000000346 2005.8019999999999072 2011.8800000000001091 2014.4049999999999727 2017.0229999999999109 2019.6410000000000764 2024.2699999999999818 2029.7880000000000109 2034.1359999999999673 2039.5599999999999454 2042.0850000000000364 2044.1420000000000528 2044.8900000000001 2046.6669999999999163 2048.3029999999998836 2050.7350000000001273 2054.7089999999998327 2057.3739999999997963 2060.0390000000002146 2063.6390000000001237 2070.4659999999998945 2074.0189999999997781 2079.06899999999996 2085.3339999999998327 2091.8800000000001091 2102.306999999999789 2110.1619999999998072 2119.2800000000002001 2130.1269999999999527 2141.7699999999999818 2149.625 2155.9830000000001746 2160.706000000000131 2165.0540000000000873 2169.0289999999999964
2006.9700000000000273 2008.2799999999999727 2010.5709999999999127 2008.6539999999999964 2008.6069999999999709 2010.5239999999998872 2012.86200000000008 2015.8070000000000164 2019.1269999999999527 2022.0730000000000928 2024.2239999999999327 2027.9639999999999418 2033.52800000000002 2038.8119999999998981 2043.5340000000001055 2047.5080000000000382 2049.8000000000001819 2051.2959999999998217 2052.8389999999999418 2054.8020000000001346 2055.737999999999829 2059.6179999999999382 2062.9850000000001273 2066.3980000000001382 2072.1019999999998618 2076.1700000000000728 2080.0509999999999309 2084.0250000000000909 2090.6649999999999636 2098.0520000000001346 2105.7199999999997999 2113.8090000000001965 2124.0019999999999527 2134.7559999999998581 2145.7440000000001419 2153.318000000000211 2158.3679999999999382 2162.5760000000000218 2167.2049999999999272 2170.7119999999999891
2011.3659999999999854 2011.9269999999999072 2013.3759999999999764 2012.72199999999998 2013.1420000000000528 2014.9190000000000964 2017.5370000000000346 2019.0799999999999272 2024.2239999999999327 2026.5619999999998981 2030.1620000000000346 2032.3130000000001019 2037.36200000000008 2043.7210000000000036 2048.2570000000000618 2052.2779999999997926 2055.5039999999999054 2057.4209999999998217 2059.3380000000001928 2061.1149999999997817 2061.7689999999997781 2064.8079999999999927 2068.0340000000001055 2071.1199999999998909 2075.4220000000000255 2079.7240000000001601 2083.137000000000171 2088.4670000000000982 2094.6860000000001492 2105.3000000000001819 2112.0320000000001528 2119.51299999999992 2131.8569999999999709 2141.862999999999829 2149.1100000000001273 2155.75 2161.4070000000001528 2165.2880000000000109 2168.4679999999998472 2172.3949999999999818
2015.5740000000000691 2016.6959999999999127 2016.2750000000000909 2016.321999999999889 2016.6489999999998872 2018.84699999999998 2022.1199999999998909 2024.7850000000000819 2027.5429999999998927 2031.9380000000001019 2034.5099999999999909 2037.0350000000000819 2042.1310000000000855 2047.5550000000000637 2053.3530000000000655 2057.1399999999998727 2060.4600000000000364 2062.8910000000000764 2065.7899999999999636 2067.3800000000001091 2068.2680000000000291 2069.8110000000001492 2072.7570000000000618 2075.3290000000001783 2079.3499999999999091 2083.5109999999999673 2088.4670000000000982 2095.4800000000000182 2102.4009999999998399 2110.5830000000000837 2117.2689999999997781 2125.63799999999992 2134.1950000000001637 2143.5459999999998217 2153.1779999999998836 2159.818000000000211 2163.2779999999997926 2166.4099999999998545 2170.5250000000000909 2174.2190000000000509
2019.5009999999999764 2021.3250000000000455 2021.5119999999999436 2024.3640000000000327 2021.8389999999999418 2024.9249999999999545 2027.1690000000000964 2029.3199999999999363 2032.1720000000000255 2036.1929999999999836 2040.0270000000000437 2042.8800000000001091 2045.7319999999999709 2051.2020000000002256 2057.3270000000002256 2062.7979999999997744 2066.3980000000001382 2069.1570000000001528 2071.5410000000001673 2073.8789999999999054 2074.7210000000000036 2076.1700000000000728 2078.18100000000004 2079.8170000000000073 2082.9969999999998436 2087.8589999999999236 2092.4409999999998035 2098.612999999999829 2106.4220000000000255 2113.8560000000002219 2121.4299999999998363 2129.0520000000001346 2136.2519999999999527 2149.0630000000001019 2156.6849999999999454 2161.1269999999999527 2164.7739999999998872 2167.8600000000001273 2172.2080000000000837 2176.4160000000001673
2026.5619999999998981 2028.2449999999998909 2028.9459999999999127 2032.125 2029.2270000000000891 2029.4139999999999873 2032.0319999999999254 2034.3230000000000928 2037.5029999999999291 2039.3730000000000473 2044.6089999999999236 2048.1630000000000109 2050.5479999999997744 2055.6439999999997781 2061.7220000000002074 2067.0529999999998836 2072.1019999999998618 2075.6559999999999491 2077.9470000000001164 2079.6770000000001346 2080.9389999999998508 2082.7159999999998945 2083.931999999999789 2085.2409999999999854 2087.9059999999999491 2092.3949999999999818 2097.7719999999999345 2105.0189999999997781 2111.4250000000001819 2119.0929999999998472 2126.4800000000000182 2132.7919999999999163 2141.4890000000000327 2150.4659999999998945 2159.443000000000211 2163.7919999999999163 2166.5039999999999054 2170.1509999999998399 2173.9380000000001019 2177.5850000000000364
2034.8840000000000146 2037.8299999999999272 2038.3440000000000509 2039.8869999999999436 2035.6320000000000618 2033.2480000000000473 2037.2690000000000055 2039.7000000000000455 2041.94399999999996 2045.1240000000000236 2047.7889999999999873 2053.2130000000001928 2056.6260000000002037 2060.2260000000001128 2066.2579999999998108 2071.9149999999999636 2076.9650000000001455 2081.1729999999997744 2084.0250000000000909 2086.0830000000000837 2087.8589999999999236 2089.2150000000001455 2090.8980000000001382 2090.9920000000001892 2094.0309999999999491 2099.8760000000002037 2107.9180000000001201 2117.5030000000001564 2120.2150000000001455 2123.7210000000000036 2129.612999999999829 2136.1590000000001055 2143.2190000000000509 2152.1030000000000655 2159.1630000000000109 2164.2590000000000146 2168 2172.0210000000001855 2176.2289999999998145 2180.2970000000000255
2040.91599999999994 2042.3179999999999836 2043.7210000000000036 2041.6169999999999618 2039.1389999999998963 2038.2039999999999509 2042.6929999999999836 2045.63799999999992 2047.3679999999999382 2050.2199999999997999 2052.8389999999999418 2056.8130000000001019 2061.862999999999829 2065.5100000000002183 2070.7930000000001201 2076.2170000000000982 2081.7339999999999236 2085.4279999999998836 2089.8229999999998654 2092.1610000000000582 2094.1709999999998217 2095.6210000000000946 2097.0700000000001637 2097.1640000000002146 2100.3899999999998727 2108.1050000000000182 2114.7440000000001419 2120.5889999999999418 2123.8150000000000546 2128.1170000000001892 2132.9789999999998145 2138.6840000000001965 2145.6039999999998145 2153.6920000000000073 2159.6309999999998581 2165.0540000000000873 2169.3560000000002219 2173.0960000000000036 2177.3510000000001128 2181.9800000000000182
2044.3289999999999509 2046.6199999999998909 2048.44399999999996 2045.9649999999999181 2042.6929999999999836 2044.4220000000000255 2047.5080000000000382 2050.9220000000000255 2053.9609999999997854 2056.0650000000000546 2059.0100000000002183 2061.8159999999998035 2065.3229999999998654 2070.5590000000001965 2074.8139999999998508 2081.1729999999997744 2086.2229999999999563 2089.9630000000001928 2094.125 2097.3980000000001382 2099.9220000000000255 2101.6060000000002219 2102.7280000000000655 2104.2710000000001855 2107.26299999999992 2111.331000000000131 2116.4740000000001601 2121.6640000000002146 2125.8249999999998181 2130.4079999999999018 2135.3170000000000073 2142.7979999999997744 2147.9409999999998035 2153.8330000000000837 2160.3319999999998799 2165.9899999999997817 2172.8159999999998035 2179.36200000000008 2183.5700000000001637 2190.5369999999998072
2048.3969999999999345 2050.6880000000001019 2052.8850000000002183 2051.2489999999997963 2048.7240000000001601 2053.6799999999998363 2055.2229999999999563 2057.0470000000000255 2060.3659999999999854 2063.9200000000000728 2067.3800000000001091 2070.8400000000001455 2070.6529999999997926 2074.0659999999998035 2079.1630000000000109 2083.6509999999998399 2090.4780000000000655 2095.2469999999998436 2099.6889999999998508 2103.0549999999998363 2105.7669999999998254 2107.4499999999998181 2108.6190000000001419 2109.1340000000000146 2111.61200000000008 2114.7910000000001673 2119.1390000000001237 2123.9079999999999018 2129.0520000000001346 2133.6340000000000146 2137.8890000000001237 2141.3960000000001855 2150.51299999999992 2157.5259999999998399 2164.5399999999999636 2172.5349999999998545 2178.987999999999829 2185.5340000000001055 2190.4899999999997817 2196.4749999999999091
2050.6880000000001019 2054.8020000000001346 2057 2055.2229999999999563 2053.3530000000000655 2058.5430000000001201 2060.69399999999996 2063.0779999999999745 2067.0529999999998836 2070.3719999999998436 2074.6739999999999782 2080.1449999999999818 2080.4720000000002074 2080.3780000000001564 2083.5109999999999673 2087.8130000000001019 2093.5169999999998254 2099.7350000000001273 2103.9899999999997817 2107.9650000000001455 2111.4250000000001819 2113.2480000000000473 2114.3229999999998654 2114.7440000000001419 2116.4740000000001601 2119.1390000000001237 2123.0670000000000073 2127.5090000000000146 2131.2029999999999745 2136.2519999999999527 2140.9279999999998836 2144.9490000000000691 2154.6739999999999782 2164.8209999999999127 2172.8159999999998035 2178.987999999999829 2185.3470000000002074 2191.1909999999998035 2195.1190000000001419 2201.3369999999999891
2051.7170000000000982 2057.88799999999992 2059.8519999999998618 2059.1979999999998654 2058.8699999999998909 2059.7119999999999891 2066.1170000000001892 2069.0630000000001019 2072.0090000000000146 2075.0949999999997999 2079.7710000000001855 2084.6799999999998363 2087.5790000000001783 2087.3919999999998254 2089.6829999999999927 2093.5169999999998254 2097.4909999999999854 2103.6630000000000109 2108.9000000000000909 2112.9679999999998472 2116.4740000000001601 2119.0929999999998472 2120.1210000000000946 2120.2150000000001455 2122.2249999999999091 2125.0309999999999491 2127.7890000000002146 2130.2669999999998254 2133.68100000000004 2138.7770000000000437 2144.9960000000000946 2148.9229999999997744 2159.5839999999998327 2166.737999999999829 2176.3229999999998654 2185.3470000000002074 2193.668999999999869 2200.0279999999997926 2203.8150000000000546 2209.3789999999999054
2054.9899999999997817 2060.5999999999999091 2063.6390000000001237 2062.6109999999998763 2062.7510000000002037 2064.5740000000000691 2066.0239999999998872 2072.1959999999999127 2075.6089999999999236 2079.1630000000000109 2084.2119999999999891 2090.5239999999998872 2094.4050000000002001 2093.6100000000001273 2096.9769999999998618 2098.7530000000001564 2102.8209999999999127 2106.8890000000001237 2113.2950000000000728 2117.6900000000000546 2121.4299999999998363 2124.0489999999999782 2125.8249999999998181 2126.1999999999998181 2127.3220000000001164 2130.6410000000000764 2134.1480000000001382 2142.8919999999998254 2142.7979999999997744 2145.5100000000002183 2149.2970000000000255 2154.3000000000001819 2161.4540000000001783 2173.6570000000001528 2183.6170000000001892 2193.2950000000000728 2201.7579999999998108 2206.2930000000001201 2210.7350000000001273 2215.1300000000001091
2058.5430000000001201 2064.8079999999999927 2068.2680000000000291 2066.6779999999998836 2065.9299999999998363 2067.8009999999999309 2069.4839999999999236 2073.1309999999998581 2079.4899999999997817 2083.6509999999998399 2088.8409999999998945 2094.4989999999997963 2100.1559999999999491 2101.2319999999999709 2103.1019999999998618 2104.6449999999999818 2108.7600000000002183 2112.0790000000001783 2116.3339999999998327 2122.31899999999996 2126.3400000000001455 2129.5189999999997781 2131.3429999999998472 2131.2959999999998217 2131.4360000000001492 2135.737999999999829 2139.9929999999999382 2145.4169999999999163 2151.5419999999999163 2153.1309999999998581 2156.5450000000000728 2163.5109999999999673 2177.3040000000000873 2184.7390000000000327 2195.0720000000001164 2201.0100000000002183 2205.5920000000000982 2212.5590000000001965 2216.6729999999997744 2221.3960000000001855
2063.9200000000000728 2069.1100000000001273 2073.1779999999998836 2072.9909999999999854 2072.8969999999999345 2073.4119999999998072 2073.4580000000000837 2075.4220000000000255 2082.4819999999999709 2087.3919999999998254 2093.6100000000001273 2099.5949999999997999 2105.0659999999998035 2107.4969999999998436 2109.7409999999999854 2112.3130000000001019 2114.556999999999789 2119.5599999999999454 2121.7579999999998108 2126.5740000000000691 2131.6700000000000728 2134.8960000000001855 2136.4389999999998508 2136.0189999999997781 2135.6449999999999818 2139.8530000000000655 2147.3330000000000837 2154.7680000000000291 2164.5399999999999636 2167.0650000000000546 2173.7510000000002037 2180.9510000000000218 2191.0979999999999563 2196.2880000000000109 2199.88799999999992 2207.8359999999997854 2211.7170000000000982 2217.8420000000000982 2225.0900000000001455 2231.4949999999998909
2070.6529999999997926 2074.6269999999999527 2077.806999999999789 2079.6770000000001346 2079.4899999999997817 2081.3600000000001273 2082.1080000000001746 2078.18100000000004 2085.568000000000211 2090.5709999999999127 2097.2570000000000618 2102.8679999999999382 2108.7130000000001928 2115.3049999999998363 2116.4740000000001601 2119.2800000000002001 2123.9079999999999018 2124.1419999999998254 2128.3499999999999091 2131.0160000000000764 2136.5799999999999272 2140.1799999999998363 2141.2080000000000837 2141.7699999999999818 2143.9670000000000982 2156.63799999999992 2162.1089999999999236 2162.9969999999998436 2172.2550000000001091 2177.9119999999998072 2184.0369999999998072 2192.0329999999999018 2198.2979999999997744 2202.7399999999997817 2205.8260000000000218 2211.2029999999999745 2218.5909999999998945 2227.1469999999999345 2231.9630000000001928 2239.5839999999998327
2079.2089999999998327 2082.2950000000000728 2083.0430000000001201 2084.8200000000001637 2086.362999999999829 2093.4229999999997744 2091.9270000000001346 2087.0639999999998508 2087.2049999999999272 2096.9299999999998363 2102.3539999999998145 2106.1410000000000764 2113.2010000000000218 2120.4020000000000437 2123.5340000000001055 2126.01299999999992 2128.6779999999998836 2130.5010000000002037 2134.4290000000000873 2137 2141.5360000000000582 2145.3229999999998654 2147.193000000000211 2149.5309999999999491 2156.918999999999869 2168.6550000000002001 2172.3479999999999563 2172.068000000000211 2177.4909999999999854 2184.0369999999998072 2192.3130000000001019 2202.0390000000002146 2207.2750000000000909 2210.3139999999998508 2213.5410000000001673 2217.6089999999999236 2221.443000000000211 2230.51299999999992 2238.5549999999998363 2247.0180000000000291
